36130568
2348107
22589294
26321587
35067283
7849691
21665176
23165751
23660838
11108676
19707372
25425531
34075583
12574982
31115196
22985731
18759865
2651692
12940461
36238151
35770001
29109363
35151252
15172306
8957989
36140671
25073238
25585602
871571
20417558
26973272
6876923
24555250
32140036
29120925
25941399
7194399
405948
6884370
28192847
33452774
22696753
37084633
35229917
31030682
3105315
32788663
7687572
3658865
30822582
19760651
22750922
18394382
24068150
8544198
28627718
32746732
1319035
17414570
38332451
10912323
11053968
7909426
30511597
30240112
21654472
33354767
3895929
526585
11704759
15251762
17413276
38432193
21957424
11471173
30104063
33116231
23250860
21500339
36394128
16474405
30762279
7288533
36533693
33407364
141539
27226556
35052347
36734411
26757980
23918763
18348260
36155125
315685
37777071
34111428
20461756
20922779
30989250
7654583
21804188
32269181
36171012
10577575
16267621
30854769
26755576
35111788
33089815
28347726
16636503
22371576
18663312
26578640
30078240
37141804
32499374
16203673
31145547
12754583
28346493
17339163
33549576
17211612
37974388
27666661
3215198
25288766
36084900
18025929
20981140
20602484
35002956
1027060
29074966
8465844
30089263
18505655
35778409
18331608
12717436
6121534
19063751
31913576
6113059
31055812
27440846
19684605
24939608
22887833
23965213
28160302
36265687
26758488
38204697
22488759
20949621
10593273
3433118
37863846
20931536
26742426
33119062
27942422
17598979
1163443
31115197
17990911
19706403
38131139
32867556
34382536
33519543
27868344
1224924
12529707
28650561
666330
31368652
23182818
26347436
32871657
19213867
17376109
34535417
33572736
1627219
32794475
15690106
27258033
25358541
32476286
20700074
24039098
33681212
16461457
31592851
33011209
15083699
21983781
31319646
29576787
37344639
11826869
31258001
31837205
10373129
9660063
35989466
21590266
38572385
25711203
23047742
27107091
30442762
3780030
26075230
32820141
8624883
38634779
29670795
14556249
12058348
22512561
30481304
21551165
536007
6927352
25708222
25611289
25683281
9566396
32107864
30329053
17483716
32569210
282409
36948385
22368597
7170944
25575339
34553755
16172598
6619602
30522213
37167499
21567923
16035579
22887781
17603482
34757053
24219368
1561188
29057136
30693642
34346503
15686287
25359213
36460282
550483
10202309
29988639
36408797
11332913
26280111
38516322
34158723
8210104
21387466
37180632
19095812
37623819
19296530
1345952
25049390
8515728
34184824
37100424
7369248
1113229
3764876
3658194
19737548
12634870
24599474
27554254
15356469
12161596
25178522
27942593
31475511
32036779
17486189
17639592
32871078
24089313
16987887
35600568
26670721
35382488
26056526
3788154
35221870
15519121
12612821
35986401
17442246
18203203
12661943
24101678
38602868
32921395
38824261
36609239
24458596
15761018
36768520
36012976
38248880
15539800
20200638
35258168
32175818
2518512
30898653
36593444
2924632
24534818
26458870
19853763
8729423
21465649
26380542
22777296
37892306
765504
1795500
8335455
33128510
38347383
26952712
38148892
24891296
32164556
7616041
19077116
34009903
24083159
24382853
15928039
7915331
38313927
8649927
31378211
21740625
26143485
23198236
30236979
24753526
38366647
30953504
37407569
30368668
27338165
19371294
19396835
7468648
38217456
8357102
11701398
36430334
34314540
14634749
20006740
18678287
3408121
1539542
30380201
4148394
36760995
558713
24935154
11330216
25283271
25650441
16924159
15567989
22965773
7673972
36515923
11140417
10666495
22510777
18287856
29125030
32753483
9202862
20029240
26467173
33318624
15700254
32584792
36608738
15951301
2485602
29541661
1448809
10872673
34904514
20686427
5016336
7294061
31173466
12161469
32119651
26444854
30631623
25563136
9165521
18562489
36534772
30335302
34534690
17255809
3501267
19550102
25039348
23211900
2590131
33750022
32365526
1467053
26456833
33240484
24821303
32985405
8662049
24718001
23747783
11324394
33927952
8247501
28614966
24444506
32721402
22253195
36490374
23786871
128288
35633639
38488790
26515448
8985499
28911943
30095865
34939937
12147541
23239957
34163525
1799426
995583
18057963
28414188
1456257
10215542
28746941
1964444
27626068
26173643
34648682
29924299
35266270
20052757
8992869
28742629
22551697
38439730
22606262
15996221
21961044
34306696
9711057
24939587
38946190
38594640
33440388
29575624
38824260
21787760
22261753
12099396
3232698
33686258
26852509
23771920
2740093
17956633
1902619
27562378
25636017
12428579
24999641
17287981
28483241
31737538
32506025
35561969
34054099
16208790
26650342
32824488
32187889
1118595
8135279
18487980
35407641
30378787
26401682
14564218
25194980
29092974
33190430
23099266
17704260
6525309
17020470
23763990
1266891
34240029
15521065
16566035
24156711
6359965
9149755
36076048
20029238
21860196
20658932
12872825
15211660
21706501
37325916
35020628
28328117
36407105
22783933
38269208
10982482
19966803
4472483
9684723
9202609
36160684
692497
8070487
5008823
35266292
1348094
19007293
3428756
31784318
27521173
27038324
32772794
18456719
20464096
21464791
34144233
21534355
19938085
572748
26607044
11080752
17052965
8891809
19568997
1450501
19267933
28957739
17661820
17177198
8173225
31132774
36065573
29311130
8178853
25894171
25742478
17726614
35810017
11216824
25724491
21396583
34184330
10036874
20030748
30904604
28475286
18758896
3981820
28768581
2036745
17293292
33811550
18174700
21799948
37034839
8465845
22420426
2614211
6396246
2724730
15184955
36160792
25716036
16399795
21340158
27216919
37602003
31883238
11679599
36291422
20979190
28643916
31355539
19047498
6999448
17369688
17143285
16078230
36998822
33779033
18064648
11167926
37692036
3728401
25952305
3170249
21068439
27104176
28582432
32669122
10912404
25952229
21321969
25344824
237229
27070266
3354606
2924789
2058394
38150689
4376701
24072241
10817648
30664951
23613113
3232701
20607846
15940693
28911804
1642809
11529537
20679480
25974318
34222248
22821648
2886457
9134549
19151555
1348095
33526449
9597207
20515331
31516287
10598665
28804206
30398108
26377682
23155469
16377799
12673564
22315187
26732628
17586837
33438808
21365683
22980313
7056002
29998749
8353429
1479762
21536246
25197115
1884862
36844761
16287988
33668418
34133387
12707950
21269411
1593821
20464338
2347236
34136918
30576779
27101134
31697451
12468921
143554
25383899
38870956
9781012
25795793
30700630
30024444
22157403
22190897
21063443
36701299
36461161
15226733
16380911
11043511
20829714
12529711
28330516
19935936
31936901
25503994
32806529
38783283
32766847
18837814
25182392
31259454
518788
23608065
10875744
6766041
29432239
15857538
656215
16498234
35961804
22995099
27174785
6848293
15001945
35246453
30059958
20876176
19437094
1543375
38689733
4064074
11045593
21700069
6780845
7131003
36865206
37847295
20136862
29659143
8392694
30880986
23321623
23673306
17103458
30204961
30101858
35325944
19449407
16804314
25250515
20029230
17056636
1951454
31560489
27466182
20029232
24754368
2793999
15034699
20399956
24637303
17515436
38621478
38333672
30599478
28456002
24523736
3712393
18470943
21339642
18954855
18958496
32233106
38384613
30843352
18047172
27355633
21365175
38933057
19791712
34492361
20946318
33773094
26227443
31163979
20882035
33209717
22908544
12439898
2953383
15929108
38847235
20383758
37450595
19040332
8867661
25097206
9149742
7155934
38674380
3265306
35904599
16773572
41123
22786616
11486425
16166557
33148331
8362913
34080768
23561737
31213532
14644997
36274670
38958480
17951933
37787490
34858328
20029231
32065515
31446698
12384786
8677117
15248152
26096762
30302932
36757675
25123707
30896080
17184563
24102521
25337068
32623905
26286251
25374640
12187019
30613845
38028263
28777121
32922789
30872527
33300679
8992871
12930136
11692827
28594414
37987971
21263000
29590115
22725657
22788076
31057598
1661402
17711156
32054441
34754587
23473284
15956085
31634485
31324109
12712646
27264673
21797849
35188046
35245205
20578946
32111381
35950157
30058892
3981821
11167973
17641779
10895047
22012616
38993717
19293579
7501563
14528108
35300644
32514133
17092585
34405642
10420132
24718990
29727697
9166801
31402090
16440718
28524213
32502478
8481040
22504523
36533679
24939586
31130282
7500608
31638832
35278234
9094239
30152106
32161186
597833
3113365
29948256
16263833
19550387
8043339
2355773
26150740
19258709
8409059
31487937
35717738
151260
5005748
26918529
36428239
19125092
36310088
3981822
15107523
9854733
29088344
32128752
30325180
12147971
24628801
33140329
32112654
19622105
35785469
30939887
36304179
628110
1446772
37649442
27763634
32972603
38601074
17361219
3135755
30294303
19621452
21205420
18378677
19008228
8911596
22524084
34704406
25706034
35666834
8414765
11150980
9744359
16032767
25611800
24220280
37106005
32144894
31560100
454568
38881369
22682146
3208327
31088041
36081972
30939478
14974085
14961557
29084544
9093058
12679651
27247851
16638574
8627463
30837304
38976110
21440552
26186557
20619386
9482650
1867292
23624134
28928975
6708197
38463782
35859537
38187642
17319980
15964762
16104546
1606404
17928416
22855653
4531614
34456334
32022400
26249544
32989268
38540404
26714497
31752929
9093039
37923938
30157809
38940144
19517854
32558383
25359717
28229064
20186801
35156148
30236064
19509418
21276943
28098151
22278918
37302266
27193571
3819564
943839
17546245
19438935
10668781
6617053
37529712
39003740
15790374
33554457
26084119
25912702
30311384
12507808
26272816
34153779
26179841
27619028
8541736
31798637
7488469
35605646
24705357
1531740
21397377
32113883
24259500
36082608
30464668
32493603
21407260
8922080
38740233
32627323
554200
31208451
21276471
7586657
37280688
36349709
12357036
32462482
673526
9527110
38910965
24458522
20450268
22528600
20718194
25959749
35241566
12868481
14760986
19020799
26599469
26229724
28971455
30079495
7899901
21910245
20384184
7424572
29538527
35087195
19017799
35621835
32879295
35475426
3354906
1063363
23373411
31115193
3773346
14676730
36569677
37847107
28914499
24865967
24183200
1877625
28680615
37588986
34242782
25846317
19582499
11078563
6405709
29050118
990443
6890974
38605585
15150790
25124994
27878339
28607217
32457793
23584145
31637070
31566897
15985475
18540254
26518681
9390707
20029235
6626306
34113392
25900621
26088100
30541462
20029239
16434322
32394265
686024
12717595
28745539
17208427
28748642
28366775
15194952
2677978
30359267
21750428
8801101
20412493
32021610
32155617
6415498
24691193
15690239
12512201
11992261
14617476
8035080
32737134
29037749
19407499
21815719
36847963
15987685
25712082
23312968
20029233
3737079
7784245
38085330
30039904
34393034
9102732
23446178
35411992
25868959
29945942
26178382
31115195
21274610
8992870
32135567
3931504
31292302
28548091
37143668
23819076
38309657
1171315
38384643
31130285
27362227
19845691
36267864
27348294
24150203
15470362
26351466
6285490
7747795
37936555
6735680
34280068
36401574
20029237
25914815
18651097
18207712
23345196
36835447
37568403
35218153
29696744
15948193
37035399
7875779
29848529
28921562
17028394
26061577
10524458
15273746
29703613
35928385
20112233
21339640
30859559
19282110
22019012
7955502
36979963
22271255
29271604
31854143
34999713
36231062
19401366
463839
28289718
32493428
25514835
19352411
25824112
10773931
4544321
31219622
34702330
38741564
38042300
35101235
15710330
21784453
29469822
23162278
35021989
37576960
38136995
20954246
8241645
20493809
36566191
7702381
35656879
18253957
16825433
18286234
33977490
34032360
27155212
11153911
26341048
17611774
9215779
36333975
7497201
28211982
27699752
17177115
31192281
28211980
28378436
36483002
34012687
20301303
23813970
18577039
7640194
10461778
33040082
20301557
34962674
20648242
33409618
15971489
10910629
24736444
8582399
33042901
38497636
19206169
18159945
36173470
23726368
372142
37681415
34896604
37829277
25884655
24444511
35894438
11688353
6723103
20186050
22848035
24447602
10419612
23391722
25862627
35160209
18842161
4041573
25370043
29907801
35348676
14676626
18454468
30805484
24451042
16369799
15377306
34506085
7856646
19953625
28589114
16208280
17971566
28728859
10505009
30732632
23549308
27322245
12673660
36646249
8740913
23926366
29750912
33219052
29501311
35058088
11434957
32357851
33790768
34269737
7413223
31029393
23457302
22927862
37916390
28018461
17143282
36446400
12428048
7113941
16723851
21204800
1870921
16053901
8964866
33794220
33082526
8357561
19795160
27485878
11344190
32059087
10797437
6113962
22528146
6822926
18080322
27585781
27940666
9413365
22153407
29214238
28074573
32489745
23524970
22329457
29659837
24037001
2081610
33676063
974248
30945161
22058153
37942564
22711529
26940993
28084675
4025385
20302979
21041952
22695183
35985710
8522277
11169560
15604238
27450488
18854871
35683512
1261072
16124853
35953836
29559584
9475595
31115198
26122793
15085376
30665336
22781091
20810036
7894486
25595571
19927903
33491856
17432776
27139937
23239255
8451716
20306897
27622088
35318200
24782337
24311457
34626534
30430033
37774117
31115194
10943104
35386434
27862862
35176743
15247871
27125300
16930008
36184070
32546215
36579329
16188759
28144274
36924149
38252597
21268034
36454176
36544606
31277675
9134296
10493040
26226731
34363648
31446693
34748995
33846634
12966790
35867656
22419608
35575813
32396283
37480127
17875937
19251646
15716842
31115199
26266034
25178484
23875798
24018784
27264256
34628841
26297936
24522193
26446362
33689087
29914349
8992851
19588822
29025208
20029236
513672
30382642
27348588
36764080
36777711
38515811
32390257
20523020
39006611
11851968
22494877
35952335
1539829
2225932
37554039
27561113
23718767
16388177
35911871
28207470
25370770
8267802
36117271
38254922
16523510
23918208
29316997
30556322
33283961
3354599
17603483
30617323
29490994
29402968
20465655
20543023
32360730
2063896
17222357
22605701
30514065
16088418
23750712
38983877
2331927
9805134
18601931
35338599
21744363
23885229
38432396
15966565
17622464
8737730
23487764
21701115
8960317
31040167
21548061
24357598
26803093
8589002
20683980
2190415
18372317
15889278
11316696
33305557
2747123
27238887
30348783
29301184
11013475
35689529
23513489
12084495
23825065
22302539
24124081
11424034
19875288
26686981
22041367
36060964
15240615
28569377
9856497
30784236
10206464
32240795
30808747
26903553
25721697
30417923
36098741
2001114
37199218
11847472
29362165
37130201
36831560
24458550
18849586
22389993
31825160
18328949
20014119
35178568
34194850
31250618
22826437
26817465
20064076
21526175
126823
33382187
22849635
34757052
3321992
12752577
11822712
38964306
15834506
11244662
17435641
27296701
11874182
12826400
36684539
36160796
38132703
236616
1592554
35671107
27783593
35535293
22277886
32938917
25137548
30761613
16773127
25184253
12767464
16921267
31533111
28894588
32078254
17453145
30304563
31108500
8628073
12618674
26467218
16527793
486254
37525886
34857025
36588761
211629
35840934
16542390
15384080
25331583
20635845
18797587
21538076
12354273
23791108
7917994
36339399
16518851
29445579
37272991
15804304
38039040
38087044
24372911
33613679
10788835
18717048
18246340
36480458
135673
25366258
3103548
27924582
38739321
19131856
38160629
24458587
8302230
32627857
3692082
16990350
15054934
15723289
24295726
38226429
31157434
29734338
26242988
26337637
19189703
24077964
22465605
19303148
23756559
36860839
4729979
19541608
35916808
24225993
16968654
25579364
35034678
35346879
2757877
17054105
36601645
26967823
35595454
2655512
33858937
34988410
35858754
17517660
9343272
9162899
3113364
15096954
38485311
19120036
33226994
4427400
22488932
23877478
35489412
35535491
27565148
36422682
30962759
35228919
30012103
38965223
34324955
27385963
15004410
18715465
37123650
10586172
26855057
19467855
29394990
33116109
20673819
37054977
22681964
22011734
37193055
31264394
27155140
21771153
7974791
18270737
26778511
34116002
31953320
26316256
29959388
36566878
21495174
12325025
28884940
37615376
20029234
35025127
3927727
32541138
1897569
16830086
19835954
9686706
31562133
22907230
2588024
33167018
20133692
31341022
27109146
24739123
38019730
16358218
3786305
35979676
31825158
34969548
34267897
10586173
38238724
34149626
7129500
1867749
26940392
27028808
31336229
36017115
12921311
20873082
2264484
25423878
2354479
31536314
17515161
28873355
37066513
6873115
17568156
18617316
16719409
22044365
38640176
11044930
21901340
12389638
27452334
34446079
25480460
25142108
22503907