39012820
39006611
39003740
38994114
38993717
38983877
38982897
38976110
38975481
38965223
38964306
38958480
38946190
38940144
38940080
38933057
38918721
38910965
38905490
38884762
38884747
38884729
38884726
38884708
38881369
38870956
38847235
38827265
38824261
38824260
38783283
38771075
38751386
38741564
38740233
38739321
38711883
38689733
38687335
38674380
32809739
38640176
38634779
38621478
38613168
38605585
38602868
38601074
38595321
38594640
38591341
38589621
38581124
38572385
38545186
38540404
38516322
38501100
38497636
38488790
38485311
38485310
38485309
38471782
38463782
38439730
38432396
38432193
38384643
38384613
38366647
38347383
38333672
38332451
38313927
38309657
38275820
38269208
38254922
38252597
38248880
38238724
38236412
38230957
38229877
38226429
38217456
38204697
38187642
38167265
38160629
38151336
38150689
38148892
38136995
38136934
38135966
38132703
38131139
38087044
38085330
38052199
38042300
38039040
38029629
38028263
38019730
38015090
37987971
37974388
37969032
37964950
37942564
37937420
37936555
37923938
37916390
37905408
37892306
37878067
37863846
37858329
37847295
37847107
37834274
37829277
37817399
37793491
37787490
37777071
37774117
37729965
37692036
37681415
37679699
37666736
37649442
37637511
37623819
37615376
37602003
37588986
37576960
37568403
37568366
37554039
37529712
37525886
37502916
37480127
37450595
37407569
37372421
37361648
37359549
31536314
37344639
37325916
37302266
37289939
37280688
37274147
37272991
37254944
37252421
37199218
37194190
37193055
37180632
37167499
37143668
37141804
37138575
37130201
37123650
37106005
37104027
37103012
37100424
37099341
37084633
37075730
37066513
37059118
37054977
37045714
37035399
37034839
36998822
36995405
36979963
36973520
36950605
36948385
36938251
36936713
36927384
36924149
36922089
36905190
36865206
36860839
36847963
36844761
36835447
36831560
36830778
36803953
36777711
36768520
36764080
36760995
36757675
36734411
36709748
36701299
36686494
36646249
30335302
36609239
36608738
36601645
36593444
36588761
36579772
36579329
36569677
36566878
36566191
36553633
36544606
36541891
36534772
36533693
36533679
36515923
36490374
36483002
36480458
36461161
36460282
36454176
36450981
36446400
36430334
36428239
36422682
36408797
36407105
36401574
36394128
36372066
36356491
36349709
36347841
36339399
36333975
36324605
36310088
36304179
36291422
36274670
36273552
36265687
36238151
36231062
36223191
36186652
36184070
36175670
36173470
36171012
36160796
36160792
36160684
36155125
36140671
36140242
36130568
36117271
36098741
36084900
36083121
36082608
36081972
36076048
36065573
36060964
36017115
36012976
36012107
36009234
35989466
35986401
35985710
35979676
35975391
35975313
35967575
35961804
35953836
35952335
35950157
35928385
35916808
35911871
35904599
35894438
35869303
35867656
35859537
35858754
35854906
35840934
35813671
35810017
35791245
35785469
35778409
35770001
20301557
35756553
35730652
35717738
35717129
35703394
35699014
35689529
35683512
35671107
35666834
35656879
35633639
35621835
35605646
35600568
35595454
35575813
35569947
35566436
35561969
35535491
35535293
35503226
35489412
35475426
35472304
35467524
35439551
35411992
35407641
35396703
35386434
35382488
35351222
35348676
35346879
35338599
35325978
35325944
35318200
35315734
35300644
35294890
35278234
35266292
35266270
35258168
38515811
35246453
35245205
35241566
35229917
35228935
35228919
35221870
35219507
35218153
35188046
35178568
35176743
20301303
35160226
35160209
35159317
35156148
35151252
35138057
35111788
35101235
35087195
35067283
35058088
35052347
35034678
35025127
35021989
35020628
35002956
34999713
34988410
34969548
34968628
34964243
34962674
34939937
34935735
34904514
34900129
34896604
34858328
34857025
34854818
34830479
34830380
34813246
34776080
34771549
34757053
34757052
34754587
34748995
34744965
34725847
34716204
34704406
34702330
34648682
34646263
34643321
34636896
34628841
34626534
34607272
34565623
34558790
34553755
34535417
34534690
34506085
34492361
34485194
34481768
34472440
34463117
34456334
34446079
34434697
34421913
34407438
34405642
34395561
34393034
34382536
34368936
34363648
34358384
34355465
34346503
34344467
34324955
34314540
34309942
34306696
34298116
34280068
34269737
34267897
34242782
34240029
34240020
34229750
34222248
34208655
34194850
34184824
34184330
34163525
34158723
34153779
34149626
34144233
34136918
34133387
34116002
34113392
34111428
34091447
34080768
34075583
34054099
34032360
35844717
34012687
34009903
34002897
33977490
33927952
33910978
33902786
33880263
33858937
33855281
36267864
33848766
33846634
33811550
33796386
33794220
33790768
33779033
33777680
33776629
33773094
33769747
33760797
33750022
33709505
33689087
33686258
33683002
33681212
37207058
33676063
33675723
33668418
33663876
33625084
33613679
33572736
33557156
33554457
33549576
33534429
33526449
33519543
33500396
33491856
33491615
33489184
33486780
33479580
33468338
33452774
33446957
33440388
33438808
33409618
33407364
33382187
33354767
33318624
33309600
33305557
33301199
33300679
36684539
33283961
33264544
33258392
33240484
33226994
33219052
33209717
33190430
33171852
33167018
33150592
33148331
33140329
33130177
33128510
33119062
33116231
33116109
33113413
33089815
33082526
33067218
33063089
33042901
33040082
33011209
33002410
33000596
32989268
32988341
32985405
32972603
32938917
32922789
32921395
32879295
32871657
32871078
32870709
32867556
32824488
32820141
32806529
32794475
32792289
32788663
32779705
32772794
32766847
32766584
32759719
32757203
32753483
32746732
32737134
32721402
32713034
32669122
32648963
32627857
32627323
32623905
32584792
32569210
32561839
32558384
32558383
32546215
32541138
32533613
32531240
32514133
32506025
32502478
32499374
32496461
32493603
32493428
32489745
32476286
32475901
32462482
32457793
32396283
32394265
32390257
32365526
32360730
32357851
32314648
32269181
32240795
32233106
32222090
32191511
32190411
32188669
32187889
32175818
32164556
32161186
32155617
32150461
32147744
32144894
32140036
32135567
32128752
32119651
32113883
32112654
32112432
32111381
32107864
32078254
32065515
32061959
32059087
32054441
32036779
32022400
32021610
32004086
31984701
31980238
31976149
31958550
31953320
31936901
31935317
31932988
31913576
31883238
31856271
31854143
31837205
31831114
31825160
31825158
31811486
31798637
31784318
31752929
31737538
31705763
31697852
31697451
31692799
31657576
31638832
31637070
31634485
31617209
31592851
31584751
31566897
31562133
31560489
31560100
31533111
31516287
31487937
31475511
31471355
31451008
31446698
31446693
31402090
31378211
31368652
31361404
31355539
31341022
31337872
31336229
31324109
31319646
31305924
31301176
31292302
31277675
31264394
31259454
31258001
31250618
31219622
31216567
31215153
31213532
31210391
31208451
31192281
31185265
31182298
31173466
31163979
31157434
31156048
31145547
31132774
31130285
31130282
31125963
31115199
31115198
31115197
31115196
31115195
31115194
31115193
31115076
31108500
31088041
31059601
31057598
31055812
31050682
31047013
31040167
31030682
31029393
31017896
31013682
30989250
30962759
30953504
30945161
30939887
30939478
30928975
30908877
30907043
30904604
30898653
30896080
30895763
30880986
30872527
30872305
30859559
30854769
30843352
30837304
30831204
30830862
30822582
30808747
30784236
30762279
30761613
30732632
30707178
30700630
30693642
30665336
30664951
30648369
30640061
30631623
30617323
30613845
30599478
30576779
30564341
30556322
30541462
30522213
30514065
30511597
30497874
30481304
30464668
30442762
30430033
30417923
30415610
30410095
30398108
30384890
30380201
30378787
30378271
30368668
30359267
30348783
30329053
30325180
30321790
30320868
30311384
30306082
30304563
30302932
30294303
30255817
30240112
30236979
30236064
30186742
30157809
30152106
30141192
30114700
30104063
30101858
30095865
30089263
30079495
30078240
30059958
30058892
30055033
30050098
30039904
30024444
30012129
30012103
29998749
29988639
29959389
29959388
29954608
29948256
29945942
29943241
29924299
29914349
29907801
29848529
29785786
29778627
29750912
29737035
29734338
29727697
29703613
29696744
29693080
29683947
29670795
29659837
29659143
29642153
29590115
29576787
29575624
29571647
29559584
29557107
29541661
29538527
29525650
29501311
29490994
29469822
29445579
29432239
29424797
29421787
29402968
29394990
29362165
29356064
29339908
29316997
29314772
29311130
29301184
29279013
29271604
29259247
29232041
29226542
29214238
29211371
29197556
29196357
29193904
29189514
29165300
29125030
29120925
29109363
29092974
29088344
29084544
29074966
29057136
29050118
29037749
29025208
28971455
28957739
28928975
28921562
28914499
28911943
28911804
28894588
28892877
28884940
28873355
28859450
28804206
28777851
28777121
28768581
28760128
28751523
28748642
28746941
28745539
28742629
28728859
28694877
28681392
28680615
28673827
28650561
28643916
28629126
28627718
28620009
28614966
28607217
28594414
28589114
28582432
28569377
28548091
28524213
28520208
28483241
28479808
28475286
28456002
28455524
28432141
28414188
28386679
28378436
28371260
28366775
28363362
30382642
28357876
28347726
28346493
28343148
28330516
28328117
28301897
28296370
28289718
28258242
28229064
28211982
28211980
28207470
28192847
28174814
28160302
28144274
28098151
28084675
28074573
28050463
28029604
28018461
28009100
27990414
27942593
27942422
27940666
27939989
27925158
27924582
30805484
27893452
27878339
27868344
27862862
27816335
27783593
27799978
27796759
27666661
27258033
27763634
27753652
27736153
27716896
27699752
27695168
27684039
27631835
27626068
27622088
27619028
27615056
27585781
27565148
27562378
27561113
27554254
27544718
27521173
27507895
27485878
27484170
27466463
27466182
27452334
27450488
27446933
27440846
27400305
27385963
27384852
27362227
27355633
27348588
27348294
27338165
27322245
27304678
27302555
27296701
27264673
27247851
27241658
27238887
27226556
27216919
27193571
27183387
27175954
27174785
27168972
27155212
27155140
27146693
27139937
27125300
27109146
27107091
27104176
27101134
27099847
27070266
27055474
27054600
27038918
27038324
27028808
26993353
26973272
26968820
26967823
26952712
26940993
26940392
26939159
26918529
26916557
26911351
26903553
26855057
26852509
26817465
26803093
26778511
26758488
26757980
26755576
26742426
26732628
30204961
26714497
26686981
26670721
26670215
26650342
26645620
26625673
26607044
26599469
26598533
26578640
26572961
26518681
26515448
26467218
26467173
26458870
26457592
26456833
26446362
26444854
26413101
26401682
26380542
26377682
26351466
26347436
26345374
26341300
26341048
26337637
26321587
26316256
26297936
26286251
26280111
26272816
26266034
26257420
26249544
26242988
26229724
26227443
26226731
26197467
26186557
26179841
26178382
26173643
26150740
26143485
26122793
26096762
26088100
26084119
26075230
26061577
26056526
26051295
25974318
25966637
25959749
25952305
25952229
25941399
25919282
25914815
25914166
25912702
25906542
25900621
25894171
25893277
25885101
25884655
25868959
25862627
25858597
25846317
25824112
25804457
25795793
25788415
25770026
25742478
25724491
25721697
25716036
25712082
25711203
25708222
25706034
25683281
25671635
25650441
25636017
25611800
25611289
25595571
25585602
25579364
25575339
25563136
25546089
25541830
25526410
25514835
25503994
25497206
25480460
25475798
25471311
25425531
25423878
25420281
25413086
25403734
25393061
25383899
25374640
25370770
25370043
25366258
25359717
25359213
25358541
25344824
25337068
25331583
25314650
25288766
25283271
25250515
25197115
25194980
25184253
25182392
25180280
25178522
25178484
25172001
25156961
25143854
25142108
25137548
25124994
25123707
25097206
25093778
25089030
25073238
25049390
25041545
25039348
24999641
24939608
24939587
24939586
24935154
24926456
24891296
24865967
24821303
24782337
24775816
24773692
24767283
24754368
24753526
24739123
24736444
24732615
24731744
24719372
24718990
24718001
24705357
24703799
24691193
24684131
24660180
24637303
24631771
24628801
24605344
24600094
24599474
24577832
24575321
24555250
24534818
24523736
24522193
24458706
24458596
24458587
24458550
24458522
24451042
24447602
24444511
24444506
24411913
24400257
24399618
24382853
24382844
26030966
24372911
24357598
24332983
24327430
24311457
24295726
24267886
24259500
24246682
24225993
24220280
24219368
24211266
24183200
24156711
24150203
24124081
24120059
24102521
24101678
24092711
24089313
24083159
24077964
24072241
24068150
24055746
24054841
24039098
24037001
24018784
23965213
23957426
23918763
23918208
23885229
23877478
23875798
23863940
23825065
23819076
23813970
23807040
23791108
23786871
23771920
23763990
23756559
23756181
23750712
23747783
23726368
23718767
23707412
23691379
23673306
23660850
23660838
23619830
23613113
23608065
23599864
23584145
23561737
23549308
23528009
23524970
23513489
23487764
23473284
23457302
23456229
23446178
23391722
23373411
23345196
23330946
23321623
23318428
23312968
23298620
23259870
23250860
23239957
23239527
23239255
23211900
23198236
23182818
23165751
23162278
23155469
23153973
23099266
23059812
23047742
22995099
22985731
22980313
22965773
22935761
22932443
22927862
22915371
22907230
22887833
22887781
22863686
22855653
22849635
22848035
22847776
22835630
22832081
22826437
22821648
22790361
22788076
22786616
22783933
22781091
22777296
22725657
22711529
22695183
22682146
22681964
22664660
22640403
22628991
22606262
22605701
22595346
22594680
22590765
22589294
22587501
22585553
22566384
22562775
22561421
22551697
22528600
22528146
22512561
22510777
22504523
22503907
22499187
22494877
22494211
22488932
22488759
22465605
22420426
22419608
22414306
22389993
22371576
22329457
22327198
22315960
22315187
22302539
22278918
22277886
22271255
22261753
22253195
22216833
23624134
22190897
22157403
22153407
22058153
22044365
22041367
22019012
22012616
22011734
21983781
21981953
21961044
21957424
21954173
21910245
21901340
21885263
21871821
21860196
21815719
21804188
21803945
21799948
21797849
21787760
21784453
21771153
21763956
21750428
21744363
21740625
21720486
21706501
21701115
21700069
21696553
21681782
21670236
21665176
21654472
21590266
21567923
21551165
21549079
21548061
21541644
21541081
21540621
21539844
21538076
21536246
21534355
21526175
21524768
21500339
21495174
21465649
21464791
21440552
21407260
21397377
21396583
21387466
21378219
21365683
21365175
21344638
21340158
21339642
21339640
21335936
21321969
21292504
21276943
21276471
21274610
21269411
21268034
21263000
21205420
21204800
22908544
22696753
22524084
21152085
21089071
21068439
21063443
21041952
20981140
20979190
20974441
20954246
20949621
20946318
20931536
20922779
20888463
20883402
20882035
20876176
20873082
20869642
20829714
20810036
20799323
20738302
20718194
20712239
20700074
20694012
20693773
20686427
20683980
20679480
20673819
20658932
20654847
20648242
20635845
20619386
20607846
20602484
20578946
20543023
20537083
20535210
20523244
20523020
20515331
20493809
20465655
20464338
20464096
20461756
20450268
20431046
20430229
20417558
20412493
20399956
20395652
20383758
20382301
20306897
20305546
20302979
20301870
20219254
20200638
20186801
20186050
20170098
20145917
20139832
20136862
20133692
20112233
20110435
20029240
20029239
20029238
20029237
20029236
20029235
20029234
20029233
20029232
20029231
20029230
20029229
20068300
20064076
20052757
20045924
22750922
21427816
20030748
20014119
20006740
19966803
19953625
19938085
19935936
19927903
19919001
23015912
19875288
19853763
19845691
19840619
19835954
19795160
19791712
19762731
19760651
19737548
19707372
19706403
19684605
19662743
19648123
19623790
19622105
19621452
19550387
19588822
19582499
19568997
19566555
23926366
19550102
19541608
19517854
19509418
19507506
19467855
19449407
19438935
19437094
19416762
19407499
19401366
19401185
19396835
19371294
19366998
19352411
19343086
19322929
19303148
19296530
19293579
19282110
19276638
19267933
19258709
19251646
19233769
19213867
19207402
19206169
19193572
19189703
19188742
19174044
19156172
19151555
19131856
19131607
19125092
19120036
21686750
20384184
20384174
19095812
19091590
19089858
19077116
19063751
19047498
19046188
19040332
19037987
19026195
18953371
19020799
19017799
19008228
19007293
18990989
18958496
18957491
18954855
18925667
18854871
18849586
18842161
18837814
18799937
18797587
18789305
18759865
18758896
18717048
18715465
18702480
18678287
18663312
18651097
18617316
18601931
18582761
18580689
18577039
18562489
18553518
18540254
18519966
18505655
18505544
18503802
18487980
18470943
18456719
18454468
18394382
18378677
18372317
18348260
18331608
18328949
18322096
18316486
18287856
18286234
18270737
18253957
18174700
18174699
18246340
18223690
18212610
18207712
18203203
18180390
18162955
18159945
18080325
18080322
18073480
18064648
18057963
18048950
18047172
18025929
17990911
17989262
17971566
17956633
17951933
17928416
17875937
17851808
17845170
17822210
17726614
17711156
17704260
17703964
17703371
17684932
17680617
17661820
17641779
17640055
17639592
17632512
17622464
17611774
17605583
17603483
17603482
17601930
17598979
17586837
17568156
17546245
17535195
17517660
17515436
17515161
17497712
17486189
17483716
17483702
17482693
17478025
17468812
17453145
17442246
17435641
17432776
17418545
17414570
17413276
17412879
17378938
17376109
17369688
17366582
17366577
17361219
17339163
17324647
17319980
17301821
17293292
17287981
17255809
17250658
17222357
17211612
17208427
24790354
17194341
17192780
17185943
17184563
17177198
17177115
17143285
17143282
17139695
17103458
17092585
17088764
17056636
17055082
17054105
17053061
17052965
17028394
17020470
17001753
16990350
16987887
16969868
16968654
16930008
16925365
16924159
16921267
16918647
16893495
16892325
16883593
16860226
16830086
16825433
16817452
16804314
16789446
16773572
16773127
16733669
16723851
16719409
16717135
16705916
16670168
16650203
16643459
16638574
16636503
16631468
16586003
16566035
16542390
16533526
16527793
16523510
16518851
16498234
16474405
16474404
16461457
16443854
16440718
16434322
16427989
16399795
16388177
16380919
16380911
16378198
16377799
16369799
16364097
16358218
16308905
16299871
16297259
16296320
16287988
16283670
16267621
16263833
16261595
16227894
16208790
16208280
16203673
16188759
16188648
16172598
16166557
16147748
16124853
16116056
16113563
16104546
16103409
16088418
16078230
16053901
16035579
16032767
16010481
15996221
15987685
15985475
15971489
15966565
15964762
15958502
15956085
15951301
15948193
15940693
15929108
15928039
15924357
15889278
15888370
15886577
15876604
15857538
15834506
15804304
15797949
15790374
15761018
15736079
15723289
15716842
15710330
15700254
15690239
15690106
15689434
15686287
15682581
15604238
15592290
15567989
15539800
15521065
15520399
15519121
15490149
15470362
15384080
15377306
15356469
15311742
15273746
15251762
15248152
15247871
15240615
15226733
15211660
15194955
15194952
15184955
15172306
15150790
15145061
15121283
15107523
15098232
15096954
15096145
15087069
15085376
15083699
15054934
15039889
15034699
15024968
15004410
15001945
14982869
14974085
14961557
14766467
14760986
14717883
14676730
14676626
14671400
14644997
14634749
14617476
14564218
14564163
14556249
14551542
14528108
12966790
12960218
12940461
12938056
12930136
12921311
12900909
12872825
12868481
12838627
12826400
12807497
12806296
12768048
12767464
12756386
12754583
12752577
12749035
12739139
12738133
12717595
12717436
12713260
12712646
12707950
12679651
12673660
12673564
12661943
12634870
12618674
12612821
12574982
12558112
12543715
12529711
12529707
12529706
12522803
12512201
12507808
12492991
12468921
12439898
12428579
12428048
12422347
12403554
12401999
12401251
12389638
12384786
12357036
12354273
12325025
12239713
12224079
12187019
12161596
12161469
12161468
12152857
12147971
12147541
12122007
12116221
12099396
12086963
12084495
12058348
11992261
11874182
11851968
11847472
11826869
11822712
11813927
11806851
11730502
11704759
11701398
11692827
11688957
11688353
11679599
11666009
27264256
11529537
11528762
11525956
11489219
11486425
11472631
11471173
11465177
11434957
11427809
11424034
11344190
11336426
11332913
11330216
11324394
11318301
11316696
11316678
11297090
22368597
11244662
11216824
11185075
11169560
11167973
11167926
11153911
11150980
11140417
11108676
11080752
11078564
11078563
11078559
11057203
11053968
11045593
11044930
11043511
11030510
11013475
10985006
10982482
10971450
10943104
10933430
10925386
10912404
10912323
10910629
10895047
10876835
10875744
10873597
10872673
10817648
10813353
10797437
10788835
10780226
10773931
10767002
10736398
10725582
10668781
10666495
10660404
10638133
10636744
10636443
10625837
10618918
10599323
10598665
10593273
10593261
10586173
10586172
10586166
10577575
10528867
10528238
10524458
10507731
10505009
10493040
10461778
10424998
10420132
10419612
10406667
10382470
10373129
10333626
10224677
10215542
10206464
10202309
10087556
10069810
10064687
10036874
9927083
9873251
9866856
9856497
9854733
9843054
9817424
9807079
9805134
9781012
9759268
28775536
9753320
9744359
9741475
9731645
9711057
9686706
9684723
9677061
9660063
9655097
9597207
9566396
9555591
9538322
9527110
9482650
9475595
9475594
9470031
9388288
9417180
9413365
9412792
9390707
9354850
9343272
9301585
9294988
9217226
9215779
9272711
9255233
9222968
9220194
9202609
9202604
9158161
9202862
9165521
9162899
9134296
9113612
9094239
9149755
9149742
9134549
9132878
9093058
9093039
9166801
9051078
9048939
9036769
9234980
9215883
8989362
8989459
8985499
8985486
8958337
8960317
8957989
8911597
8911596
8873681
8922080
8912326
8893081
8891809
9282616
8662057
8662049
8964866
8627353
8758572
8677117
8664975
8655131
8627463
8723074
8951150
8737730
8992871
8992870
8992869
8992867
8992851
8740913
8650132
8604072
8628073
8669456
9102732
9048021
9048015
9047788
8867662
8867661
8795999
8795998
8624883
8557258
8901045
8801101
8729423
8541736
8589002
8582399
8565398
7581766
8649927
7488469
8533830
8563074
8544198
8534275
7673972
7501563
7500608
7624428
7586657
7573160
7640194
7616041
7548300
7778596
7625454
7747795
7703796
7875076
21556568
8613296
7784245
7610280
7497201
7702381
7642018
8719440
8536185
8522277
7498569
7894486
7856646
7849691
7824801
7875779
7837259
8001324
7955502
7858099
7832570
7917994
7899901
7851305
8043339
7915331
8178853
7974791
8149541
8133379
8070487
8035080
8151512
7909426
8173225
8163857
8058014
7588108
8267802
8247501
8409059
8241645
8357102
8356973
8302230
8135279
7692826
8368253
7687572
7654583
8362913
8322182
8317503
7920997
8491871
8335455
8320709
8353429
8281286
8464781
8465845
8465844
8481040
8434620
8515728
8462191
8451716
8417053
8414765
8392694
8357561
8210104
7757746
1467053
1456257
1479762
1448809
1432545
1392392
1351605
1627219
1524555
1450501
1437964
1636958
1619641
1594340
1534404
1509873
1593821
1606404
1632454
1539829
1539542
1348095
1348094
1346691
1543375
1531740
1345952
1737263
1642809
1592554
1590976
1561188
1561153
1466572
1446772
1319035
1776627
1795500
1811607
1837507
1787662
1785648
1785642
1780476
1749850
1681727
1961205
1951454
1920054
1886012
1802845
1897569
1877625
1867292
1834102
1902619
2058394
2011444
1867749
2063896
2036745
2001114
1789629
2018310
2002601
1901451
1884862
1870921
1799426
1741977
1661402
2124517
2148832
1964444
2248289
2213386
2225932
2225690
2080437
2391269
2264484
2347236
2200621
2331927
2355773
2190415
2316460
2343011
2081610
2348107
2309772
2301229
27237893
2405148
2354479
2287531
2259585
2099896
2614211
2530519
2816992
2590131
2570180
2801770
2757877
2746622
2740093
2588024
2783214
2747123
2502012
2924632
2924789
2655512
2651692
2918534
2793999
2728752
2728749
2724730
2705487
2677978
2629345
2518512
2518506
2485602
3215198
3249002
3192211
3272840
3232701
3232698
3208327
3245339
3220937
3170249
3281992
3163319
3413440
3354906
3152433
3135755
3354606
3354599
3283912
3126719
3408121
3351898
3265306
2464965
3683507
2965862
3428756
2827478
3653888
3433118
3692082
3656378
3321992
2956693
3626926
3692589
3658865
3631144
3630122
3591771
3658194
3473936
3454351
2886420
3584508
3578153
2886457
3600062
3614154
3576830
3593514
3590140
3113365
3113364
2954460
2953383
3812408
3105316
3105315
2950525
3812591
3103548
3815563
3684360
3614265
3543368
3501267
3333138
3130882
3130854
3108642
2883720
3793100
3102239
3819564
3778055
3502953
2876945
3786305
3784490
3780030
3737079
2944891
3793688
3764876
3728401
3461456
3788154
3785034
3712393
3953673
3773346
3457813
3006482
3544617
3490204
4092785
2932133
4025385
3931504
3927727
3927726
3927725
3927724
3895930
3895929
2411134
4064074
4021945
3997763
3838444
4043963
4041573
3993267
3981822
3981821
3981820
3970639
3881955
3874587
6509845
6396246
6498647
6237568
6492141
6237297
6465040
6467657
6735680
6723103
6480094
6708197
6696850
6468156
6233285
6525309
6462930
6433359
6662846
6617053
6645666
6415498
6415127
6359965
6232909
6684396
6366013
6626306
6877825
6642618
6619602
6876923
6884370
6878074
6873115
6859107
6551641
6855307
6822926
6404940
6188379
6882890
6848293
6620763
6615262
6405709
6402845
6891562
7127692
7144319
7130439
7113941
6958319
6927352
7131003
7147365
7114094
7114090
7091096
6958209
6753342
6890974
6805567
6285490
7129500
7102015
7096117
7069554
6889506
6806548
7096121
6980321
7184258
7170944
7155934
7126786
7065429
7056002
6121534
7337958
7316409
6794358
7311954
7288533
7264805
7275671
6794509
6790356
7265769
7325335
7294061
7282773
7282772
7011550
6964261
6113962
7194399
6780845
6450253
6105616
7193424
6999448
7228363
7406711
7443232
6105737
6247589
7360589
6766258
7468650
7468648
7424572
7413223
7390478
7369248
7367073
7353571
7188751
6766041
6113059
554200
518788
513672
486254
534189
536007
523947
545134
474377
158980
550483
485227
463839
518470
290060
41123
572748
450814
500106
454568
376907
455851
443646
444011
526611
526585
526584
498184
485059
474634
469631
434955
400234
395846
315685
42947
712980
740941
153516
698998
691795
686024
282409
673526
666330
263413
151260
712046
691625
656215
211629
16114309
692497
628110
342383
607841
146314
597833
143554
16211910
372142
607763
871571
852354
559928
141539
405948
403759
558713
612970
401659
138349
135673
1027060
933279
1028107
1264091
995583
179363
1266891
1261072
943839
1249708
1249692
765504
990443
974248
128288
126823
135524
1163443
1153245
237229
236616
1171315
1118595
1096060
1113229
1224924
1063363
4531614
4282364
4853368
4834995
4472483
4429607
4427400
4133456
4823815
4151095
4825125
4132346
4150314
4814498
4157264
4816160
4809794
4544321
4453674
4376701
4271368
4148394
17474226
4126797
4729979
4273900
4123925
4122024
4701949
4144677
4119196
4687589
4265485
4643945
4633523
5026033
4624376
4677103
5058513
5008823
5016336
5563894
5001586
5108280
5476829
5005748
5431427
5440169
5809851
5809850
4901597
5782821
5697969
5697968
4386970
4951367
14308215
14252275
14187126
14328057
14054413
14122073
13896030
13693467
13701145
13834777
13600906
13558954
13565231
13482830
13312908