10036874
10206464
10215542
1027060
10373129
10419612
10420132
10461778
10493040
10505009
10524458
10577575
10586172
10586173
10598665
1063363
10666495
10668781
10773931
10788835
10797437
10817648
10872673
10875744
10895047
10912323
10912404
10943104
10982482
11044930
11078563
11080752
11108676
11140417
11150980
11167926
11167973
11169560
1118595
11216824
11316696
11324394
11330216
11332913
11344190
11424034
11471173
11486425
11529537
1163443
11679599
11688353
11692827
11704759
1171315
11822712
11826869
11847472
11851968
11874182
11992261
12058348
12084495
12099396
12147541
12147971
12161469
12161596
12187019
12325025
12354273
12384786
12389638
12428048
12468921
12512201
12529711
12574982
1261072
12612821
12618674
12634870
12661943
1266891
12673564
12673660
12679651
126823
12707950
12712646
12717436
12717595
12754583
12767464
128288
12868481
12872825
12930136
12940461
12966790
1319035
1345952
1348094
141539
143554
1446772
1448809
1450501
14528108
14556249
1456257
14564218
14617476
14644997
1467053
14676730
14760986
1479762
14974085
15001945
15004410
15034699
15083699
15085376
15096954
151260
15150790
15172306
15194952
15211660
15226733
15240615
15248152
15251762
15273746
1531740
15356469
15377306
15384080
1539542
1539829
1543375
15470362
15519121
15539800
15567989
15604238
1561188
15686287
15690239
15700254
15710330
15716842
15723289
15761018
15790374
15834506
15857538
15889278
1592554
15928039
15929108
1593821
15940693
15948193
15951301
15956085
15964762
15966565
15971489
15985475
16032767
16035579
16053901
1606404
16078230
16088418
16104546
16124853
16166557
16172598
16188759
16203673
16208280
16208790
16263833
16267621
1627219
16287988
16358218
16369799
16377799
16380911
16388177
1642809
16434322
16440718
16461457
16474405
16498234
16518851
16523510
16527793
16542390
16566035
1661402
16636503
16719409
16723851
16773572
16804314
16825433
16830086
16921267
16924159
16968654
16987887
16990350
17020470
17028394
17052965
17103458
17143282
17143285
17177115
17184563
17208427
17211612
17222357
17255809
17293292
17319980
17339163
17361219
17369688
17376109
17413276
17414570
17432776
17435641
17442246
17483716
17486189
17515161
17515436
17546245
17586837
17598979
17603482
17603483
17611774
17622464
17641779
17951933
1795500
17990911
18025929
18047172
18057963
18064648
18080322
18159945
18174700
18203203
18207712
18270737
18286234
18287856
18328949
18348260
18394382
18454468
18456719
18487980
18505655
18540254
18562489
18601931
18617316
18651097
18663312
18678287
1870921
18717048
18758896
18759865
1877625
18797587
18837814
18842161
18854871
18954855
18958496
1897569
19017799
19020799
1902619
19047498
19063751
19077116
19095812
19120036
19125092
19131856
19151555
19189703
19206169
19213867
19251646
19258709
19282110
19296530
19303148
19352411
19371294
19396835
19401366
19407499
19437094
19438935
19449407
19467855
19509418
19517854
19541608
19550102
19550387
19568997
19582499
19588822
19621452
19622105
1964444
19706403
19707372
19760651
19791712
19795160
19835954
19845691
19853763
19927903
19935936
19953625
19966803
2001114
20014119
20029230
20029231
20029232
20029233
20029234
20029235
20029236
20029237
20029238
20029239
20029240
20052757
20136862
20186050
20186801
20200638
20301303
20301557
20306897
2036745
20383758
20384184
20399956
20412493
20417558
20450268
20461756
20464338
20465655
20515331
20523020
20543023
20578946
2058394
20607846
20619386
20635845
20648242
20673819
20683980
20686427
20700074
20718194
20810036
2081610
20829714
20873082
20876176
20882035
20922779
20954246
20979190
20981140
21041952
21063443
21068439
21204800
21205420
21263000
21268034
21269411
21276471
21276943
21321969
21339640
21339642
21340158
21365175
21396583
21397377
21407260
21440552
21464791
21465649
21495174
21500339
21526175
21534355
21536246
21538076
21548061
21551165
21567923
21590266
21654472
21665176
21700069
21706501
21740625
21744363
21750428
21771153
21784453
21797849
21799948
21804188
21815719
21860196
21901340
2190415
21910245
21957424
21983781
22011734
22012616
22041367
22044365
22058153
22153407
22157403
22190897
2225932
22277886
22278918
22302539
22315187
22368597
22371576
22389993
22419608
22420426
22465605
22488932
22494877
22503907
22504523
22510777
22524084
22528146
22528600
22551697
22589294
22605701
2264484
22681964
22682146
22695183
22696753
22725657
22750922
22777296
22781091
22783933
22786616
22788076
22821648
22826437
22848035
22849635
22887781
22887833
22908544
22927862
22980313
22985731
22995099
23047742
23099266
23155469
23162278
23165751
23182818
23198236
23211900
23239255
23250860
23312968
23321623
23345196
23373411
23391722
23446178
2347236
23473284
2348107
23513489
2354479
23549308
23561737
23584145
23608065
23613113
23624134
23660838
236616
23673306
23718767
237229
23747783
23750712
23756559
23771920
23791108
23813970
23877478
23885229
23918208
23918763
23926366
24018784
24037001
24039098
24068150
24072241
24077964
24083159
24089313
24101678
24124081
24150203
24156711
24183200
24219368
24220280
24225993
24311457
24357598
24372911
24382853
24444511
24447602
24458522
24458587
24458596
24523736
24534818
24555250
24599474
24691193
24705357
24718990
24736444
24739123
24753526
24754368
24782337
24821303
24865967
24891296
24939586
24999641
25039348
25049390
25073238
25097206
25124994
25137548
25142108
25178484
25178522
25182392
25184253
2518512
25194980
25197115
25250515
25283271
25288766
25331583
25337068
25344824
25358541
25359213
25359717
25366258
25370043
25370770
25374640
25383899
25423878
25425531
25480460
25503994
25514835
25563136
25575339
25579364
25585602
25595571
25611289
25636017
25650441
25683281
25706034
25708222
25711203
25712082
25716036
25721697
25724491
25742478
25824112
25846317
25862627
25868959
2588024
25894171
2590131
25912702
25914815
25952229
25952305
25959749
25974318
26056526
26061577
26096762
2614211
26143485
26173643
26179841
26186557
26226731
26227443
26229724
26242988
26249544
26266034
26272816
26280111
26286251
26297936
26321587
26337637
26341048
26347436
26351466
26377682
26380542
26401682
26444854
26446362
26456833
26458870
26467173
26467218
26515448
2651692
26518681
2655512
26599469
26607044
26650342
26670721
26686981
26714497
26732628
26755576
26757980
26758488
26778511
2677978
26803093
26817465
26852509
26855057
26903553
26940993
26952712
26973272
27038324
27101134
27104176
27109146
27125300
27139937
27155212
27174785
27193571
27216919
27238887
2724730
27247851
27258033
27264256
27264673
27296701
27322245
27338165
27348294
27348588
2740093
27450488
27452334
27485878
27521173
27554254
27562378
27565148
2757877
27585781
27619028
27622088
27626068
27666661
27699752
27763634
27783593
27862862
27878339
27924582
2793999
27940666
27942593
28074573
28084675
28098151
28144274
28160302
28192847
28207470
28211980
28211982
28229064
282409
28289718
28328117
28330516
28346493
28347726
28366775
28378436
28456002
28483241
28524213
28548091
28569377
28582432
28589114
28594414
28614966
28627718
28650561
28728859
28742629
28745539
28746941
28748642
28768581
28777121
28804206
2886457
28873355
28884940
28911804
28911943
28914499
28928975
28957739
28971455
29025208
29037749
29050118
29057136
29084544
29088344
29109363
29120925
29125030
2924632
2924789
29271604
29301184
29316997
29362165
29394990
29432239
29445579
29490994
2953383
29538527
29541661
29575624
29576787
29590115
29659143
29659837
29670795
29696744
29727697
29750912
29848529
29907801
29914349
29924299
29948256
29959388
29988639
29998749
30012103
30024444
30039904
30058892
30059958
30078240
30095865
30101858
30152106
30204961
30236064
30236979
30240112
30294303
30302932
30325180
30329053
30368668
30378787
30380201
30382642
30398108
30417923
30430033
30464668
30514065
30522213
30541462
30556322
30576779
30599478
30613845
30631623
30664951
30665336
30693642
30732632
30761613
30762279
30784236
30805484
30837304
30843352
30880986
30896080
30898653
30904604
30939478
30939887
30945161
30953504
30962759
31029393
31030682
3103548
31040167
3105315
31057598
31088041
31108500
31115193
31115194
31115196
31115198
31115199
31130282
31130285
31132774
3113364
3113365
31145547
31157434
31163979
31173466
31192281
31208451
31219622
31250618
31259454
31264394
31277675
31292302
31319646
31324109
31336229
31355539
31368652
31378211
31402090
31446693
31446698
31487937
31516287
31533111
31536314
31560100
31560489
31562133
31566897
315685
31592851
31634485
31637070
31638832
31697451
3170249
31737538
31752929
31798637
31825158
31837205
31883238
31913576
31953320
32021610
32022400
32036779
32054441
32059087
32065515
32078254
3208327
32111381
32112654
32113883
32119651
32128752
32135567
32140036
32144894
3215198
32155617
32161186
32164556
32175818
32269181
3232698
32357851
32360730
32365526
32390257
32394265
32396283
32462482
32476286
32489745
32493428
32493603
32506025
32541138
32558383
32569210
32584792
32623905
3265306
32721402
32737134
32746732
32788663
32794475
32806529
32824488
32867556
32871078
32871657
32879295
32938917
32972603
32985405
32989268
33011209
33040082
33042901
33089815
33116109
33119062
33128510
33148331
33167018
33190430
33209717
33219052
3321992
33240484
33283961
33300679
33305557
33318624
33407364
33409618
33438808
33440388
33452774
33519543
3354599
3354906
33549576
33613679
33668418
33681212
33689087
33750022
33779033
33790768
33794220
33811550
33858937
33927952
34009903
34012687
34032360
34075583
34080768
3408121
34111428
34113392
34116002
34133387
34136918
34144233
34149626
34158723
34163525
34184330
34184824
34194850
34240029
34269737
34280068
34314540
34324955
3433118
34346503
34363648
34382536
34393034
34405642
34446079
34456334
34492361
34506085
34534690
34535417
34626534
34628841
34648682
34704406
34748995
34754587
34757052
34757053
34857025
34858328
34896604
34904514
34939937
34962674
34969548
34988410
34999713
35002956
3501267
35021989
35025127
35034678
35052347
35058088
35067283
35087195
35101235
35111788
35151252
35156148
35160209
35176743
35188046
35218153
35221870
35229917
35241566
35245205
35246453
35266270
35278234
35300644
35318200
35325944
35338599
35346879
35382488
35407641
35411992
35475426
35489412
35535293
35535491
35561969
35575813
35595454
35605646
35621835
35633639
35656879
35666834
35671107
35683512
35717738
35770001
35778409
35785469
35810017
35840934
35858754
35859537
35867656
35904599
35911871
35916808
35928385
35950157
35952335
35953836
35961804
35979676
35989466
36012976
36017115
36060964
36065573
36081972
36082608
36084900
36117271
36130568
36140671
36155125
36160684
36160792
36160796
36171012
36173470
36184070
36231062
36238151
36265687
36267864
36274670
36291422
36304179
36310088
36333975
36339399
36401574
36407105
36408797
36430334
36446400
36454176
36460282
36461161
36483002
36490374
36515923
36533679
36533693
36534772
36544606
36566191
36566878
36579329
3658194
3658865
36588761
36593444
36608738
36609239
36646249
36684539
36734411
36757675
36760995
36764080
36768520
36777711
36831560
36844761
36847963
36860839
36865206
3692082
36924149
36948385
36979963
37035399
37084633
37100424
37123650
3712393
37130201
37141804
37143668
37167499
37180632
37193055
37199218
372142
37280688
3728401
37302266
37325916
37344639
3737079
37407569
37450595
37480127
37525886
37529712
37554039
37576960
37588986
37602003
37615376
3764876
37649442
37692036
37774117
37777071
37787490
3780030
37829277
37847107
3786305
3788154
37916390
37923938
37936555
37942564
37974388
37987971
38019730
38028263
38042300
38085330
38087044
38131139
38132703
38136995
38148892
38150689
3819564
38204697
38217456
38226429
38248880
38252597
38254922
38269208
38309657
38313927
38332451
38333672
38366647
38384613
38384643
38432193
38432396
38439730
38463782
38485311
38515811
38540404
38572385
38602868
38605585
38621478
38634779
38640176
38674380
38689733
38739321
38740233
38741564
38783283
38824260
38824261
38847235
38870956
38910965
38933057
38946190
38958480
3895929
38964306
38965223
38976110
38983877
38993717
39003740
3931504
3981820
3981821
3981822
4025385
4041573
405948
4064074
41123
4148394
4376701
4427400
4472483
4531614
4544321
454568
463839
4729979
5005748
5008823
5016336
518788
526585
536007
550483
554200
558713
572748
597833
6113059
6113962
6121534
628110
6285490
6359965
6396246
6405709
6415498
6525309
656215
6617053
6619602
6626306
666330
6708197
673526
6735680
6766041
6780845
6822926
6848293
686024
6873115
6876923
6884370
6890974
692497
6927352
6999448
7113941
7129500
7131003
7155934
7170944
7194399
7288533
7294061
7369248
7413223
7424572
7488469
7500608
7501563
7586657
7616041
7640194
7654583
765504
7673972
7702381
7784245
7849691
7894486
7899901
7909426
7915331
7917994
7974791
8035080
8043339
8070487
8135279
8173225
8178853
8210104
8241645
8247501
8267802
8302230
8335455
8353429
8357102
8357561
8392694
8409059
8414765
8451716
8465844
8481040
8515728
8522277
8541736
8544198
8589002
8624883
8627463
8628073
8662049
871571
8737730
8801101
8867661
8891809
8922080
8957989
8960317
8964866
8992869
8992870
8992871
9093039
9094239
9102732
9134296
9134549
9149742
9149755
9162899
9165521
9166801
9202609
9215779
9343272
9413365
943839
9475595
9482650
9527110
9566396
9597207
9660063
9686706
974248
9744359
9781012
9805134
990443
995583